0.157811
0.183413
0.183084
0.182535
0.313179
0.373585
0.251912
0.180052
0.21814
0.158404
0.181265
0.193467
0.196702
0.244635
0.187092
0.211004
0.210893
0.211935
0.198324
0.226362
0.191363
0.201816
0.216267
0.212799
0.226224
0.237394
0.225196
0.208465
0.194205
0.196715
0.199602
0.194379
0.204232
0.212306
0.224496
0.221509
0.218143
0.259145
0.193002
0.190174
0.22329
0.190149
0.20854
0.200463
0.202911
0.196846
0.203762
0.162951
0.295145
0.305551
0.321656
0.222058
0.207768
0.194139
0.207105
0.2552
0.162805
0.25314
0.204752
0.194505
0.15833
0.199502
0.213844
0.202799
0.201668
0.198173
0.157278
0.251207
0.205424
0.2242
0.198993
0.22876
0.222147
0.227444
0.240334
0.17153
0.177018
0.254574
0.169243
0.213174
0.221754
0.233435
0.22934
0.224891
0.211868
0.216828
0.220136
0.218656
0.228984
0.213184
0.171504
0.254168
0.192011
0.212544
0.21252
0.168647
0.231584
0.2287
0.255591
0.280742
0.218817
0.265157
0.234068
0.308342
0.299279
0.215955
0.340037
0.298143
0.366089
0.301083
0.317016
0.338941
0.232833
0.274443
0.285269
0.240334
0.240856
0.215623
0.172025
0.188733
0.251393
0.240011
0.217627
0.231234
0.216527
0.244145
