9 10 1 399 0.1205678119 1.8e-05
5 6 2 572 0.7759071306 2.4e-05
6 6 2 676 -0.7237740014 2.6e-05
6 7 2 780 -0.07765055561 2.8e-05
6 8 2 884 -0.1254891439 3.3e-05
6 9 2 988 -0.1377360023 4e-05
6 10 2 1092 -0.1481212049 4.2e-05
7 6 2 780 -0.5729624537 3e-05
7 7 2 900 0.07316356216 3.5e-05
7 8 2 1020 0.02532479982 4e-05
7 9 2 1140 0.01307790083 4.3e-05
7 10 2 1260 0.002692663824 4.8e-05
8 6 2 884 -0.5953698688 3.4e-05
8 7 2 1020 0.05075580854 3.9e-05
8 8 2 1156 0.002917070226 4.4e-05
8 9 2 1292 -0.009329822802 4.9e-05
8 10 2 1428 -0.01971505475 5.3e-05
9 6 2 988 -0.6068902123 3.7e-05
9 7 2 1140 0.03923530445 4.3e-05
9 8 2 1292 -0.008603421935 4.9e-05
9 9 2 1444 -0.02085031197 5.5e-05
9 10 2 1596 -0.03123554133 6e-05
10 6 2 1092 -0.6159360958 4.1e-05
10 7 2 1260 0.03018929352 4.7e-05
10 8 2 1428 -0.01764942355 5.3e-05
10 9 2 1596 -0.02989631117 5.9e-05
10 10 2 1764 -0.04028153855 6.5e-05
5 5 3 1089 0.2789544542 3.9e-05
5 6 3 1287 0.1132513273 4.6e-05
5 7 3 1485 0.107253037 5.2e-05
5 8 3 1683 0.09674044562 5.8e-05
5 9 3 1881 0.08876860904 6.4e-05
5 10 3 2079 0.08359790234 7e-05
6 5 3 1287 0.209712771 4.5e-05
6 6 3 1521 0.04400991138 5.5e-05
6 7 3 1755 0.03801162928 6.4e-05
6 8 3 1989 0.02749905345 7.3e-05
6 9 3 2223 0.01952722857 8e-05
6 10 3 2457 0.01435652951 8.9e-05
7 5 3 1485 0.2012577351 5.3e-05
7 6 3 1755 0.03555490504 6.1e-05
7 7 3 2025 0.02955662405 7.1e-05
7 8 3 2295 0.01904405011 7.9e-05
7 9 3 2565 0.01107222676 8.9e-05
7 10 3 2835 0.005901528486 0.0001
8 5 3 1683 0.1905337779 6e-05
8 6 3 1989 0.02483098576 7.6e-05
8 7 3 2295 0.01883270605 6.7e-05
8 8 3 2601 0.008320134577 7.6e-05
8 9 3 2907 0.0003483130131 8.6e-05
8 10 3 3213 -0.00482238394 9.5e-05
9 5 3 1881 0.1820860772 5.5e-05
9 6 3 2223 0.01638331492 6.7e-05
9 7 3 2565 0.0103850364 7.7e-05
9 8 3 2907 -0.0001275331015 8.6e-05
9 9 3 3249 -0.008099353377 9.8e-05
9 10 3 3591 -0.01327004936 0.000113
10 5 3 2079 0.1764567825 6.2e-05
10 6 3 2457 0.01075404008 7.4e-05
10 7 3 2835 0.004755762275 8.6e-05
10 8 3 3213 -0.005756806058 9.6e-05
10 9 3 3591 -0.01372862532 0.000106
10 10 3 3969 -0.01889932068 0.000143
4 4 4 1296 0.6894797527 4.8e-05
4 5 4 1584 0.1595209217 5.8e-05
4 6 4 1872 0.1726308641 6.7e-05
4 7 4 2160 0.1626763755 7.8e-05
4 8 4 2448 0.151696048 8.8e-05
4 9 4 2736 0.1427805773 0.000112
4 10 4 3024 0.1366938021 0.000104
5 4 4 1584 0.5645263372 4.7e-05
5 5 4 1936 0.03456925848 5.8e-05
5 6 4 2288 0.04767915615 6.4e-05
5 7 4 2640 0.03772469446 7.4e-05
5 8 4 2992 0.02674439624 8.4e-05
5 9 4 3344 0.01782894949 9.4e-05
5 10 4 3696 0.01174219068 0.000106
6 4 4 1872 0.5661533756 5.6e-05
6 5 4 2288 0.03619626893 6.7e-05
6 6 4 2704 0.04930616735 8.8e-05
6 7 4 3120 0.03935170527 0.000117
6 8 4 3536 0.02837140673 0.000125
6 9 4 3952 0.01945595965 0.000144
6 10 4 4368 0.01336920066 0.000157
7 4 4 2160 0.5563983528 7.9e-05
7 5 4 2640 0.02644135706 9.6e-05
7 6 4 3120 0.03955125269 0.000112
7 7 4 3600 0.02959679269 0.000131
7 8 4 4080 0.01861649655 0.000146
7 9 4 4560 0.009701051262 0.000162
7 10 4 5040 0.003614293462 0.00018
8 4 4 2448 0.5454541172 8.8e-05
8 5 4 2992 0.01549724564 0.000107
8 6 4 3536 0.02860713822 0.000126
8 7 4 4080 0.0186526805 0.000145
8 8 4 4624 0.007672386891 0.000166
8 9 4 5168 -0.001243056227 0.000185
8 10 4 5712 -0.007329812666 0.000205
9 4 4 2736 0.5366057774 0.0001
9 5 4 3344 0.006649006355 0.000119
9 6 4 3952 0.01975889652 0.000141
9 7 4 4560 0.009804440728 0.000161
9 8 4 5168 -0.001175850855 0.000182
9 9 4 5776 -0.01009129231 0.000203
9 10 4 6384 -0.01617804747 0.00023
10 4 4 3024 0.5305856821 0.00011
10 5 4 3696 0.0006289794474 0.000133
10 6 4 4368 0.01373886786 0.000155
10 7 4 5040 0.003784413318 0.000182
10 8 4 5712 -0.007195876875 0.000201
10 9 4 6384 -0.01611131712 0.000225
10 10 4 7056 -0.02219807167 0.000249
3 3 5 1225 0.7505058284 4.7e-05
3 4 5 1575 0.1318870948 5.9e-05
3 5 5 1925 0.1589959502 6.9e-05
3 6 5 2275 0.1562192814 8.2e-05
3 7 5 2625 0.146543813 9.1e-05
3 8 5 2975 0.1356138016 0.000103
3 9 5 3325 0.1267880668 0.000113
3 10 5 3675 0.1207885202 0.000128
4 3 5 1575 0.6419712159 5.7e-05
4 4 5 2025 0.02335437635 7.3e-05
4 5 5 2475 0.05046314731 8.8e-05
4 6 5 2925 0.0476864856 0.000104
4 7 5 3375 0.03801103959 0.000117
4 8 5 3825 0.02708105383 0.000133
4 9 5 4275 0.01825533947 0.000147
4 10 5 4725 0.01225580675 0.000163
5 3 5 1925 0.6453177062 6.8e-05
5 4 5 2475 0.02670080346 8.8e-05
5 5 5 3025 0.05380957725 0.000109
5 6 5 3575 0.05103291524 0.000118
5 7 5 4125 0.04135746853 0.000147
5 8 5 4675 0.03042748185 0.000159
5 9 5 5225 0.02160176694 0.00018
5 10 5 5775 0.01560223387 0.000208
6 3 5 2275 0.6432386468 8.1e-05
6 4 5 2925 0.02462177216 0.000106
6 5 5 3575 0.05173054473 0.000128
6 6 5 4225 0.04895388282 0.000141
6 7 5 4875 0.03927843658 0.000161
6 8 5 5525 0.02834845037 0.000184
6 9 5 6175 0.01952273579 0.000251
6 10 5 6825 0.01352320311 0.000249
7 3 5 2625 0.6335489719 9.5e-05
7 4 5 3375 0.01493222561 0.000123
7 5 5 4125 0.04204099259 0.000146
7 6 5 4875 0.03926433132 0.000178
7 7 5 5625 0.02958888697 0.000202
7 8 5 6375 0.01865890316 0.00023
7 9 5 7125 0.009833190386 0.000254
7 10 5 7875 0.003833658819 0.000278
8 3 5 2975 0.6226167248 0.000106
8 4 5 3825 0.004000123241 0.000138
8 5 5 4675 0.03110888381 0.00016
8 6 5 5525 0.02833222321 0.000195
8 7 5 6375 0.0186567813 0.000226
8 8 5 7225 0.007726799857 0.000243
8 9 5 8075 -0.001098910834 0.000327
8 10 5 8925 -0.007098440998 0.000301
9 3 5 3325 0.6137887629 0.000134
9 4 5 4275 -0.004827721699 0.000165
9 5 5 5225 0.02228103381 0.000176
9 6 5 6175 0.01950437362 0.00023
9 7 5 7125 0.009828933536 0.00025
9 8 5 8075 -0.001101045797 0.000295
9 9 5 9025 -0.009926754872 0.00033
9 10 5 9975 -0.01592628378 0.000366
10 3 5 3675 0.6077879607 0.000129
10 4 5 4725 -0.01082844437 0.000169
10 5 5 5775 0.01628030751 0.000236
10 6 5 6825 0.01350364774 0.000244
10 7 5 7875 0.00382820893 0.000281
10 8 5 8925 -0.007101768926 0.000317
10 9 5 9975 -0.01592747695 0.000371
10 10 5 11025 -0.02192700515 0.000398
