-3.28597 -6.01194 6.56736e-08
-3.28597 -5.58006 3.44233e-07
-3.28597 -5.14818 -3.71545e-06
-3.03638 -5.8422 5.32146e-07
-3.03638 -5.41032 2.59251e-06
-3.03638 -4.97843 -2.60081e-05
-2.71073 -5.62073 3.25803e-06
-2.71073 -5.18885 1.44276e-05
-2.71073 -4.75697 -0.000131561
-2.46113 -5.45099 6.46528e-06
-2.46113 -5.01911 2.66106e-05
-2.46113 -4.58722 -0.000225538
-3.28597 -4.89682 2.84019e-05
-3.28597 -4.46494 9.20643e-05
-3.28597 -4.03306 -0.000614515
-3.03638 -4.72708 0.000190526
-3.03638 -4.2952 0.000574021
-3.03638 -3.86332 -0.00356121
-2.71073 -4.50561 0.000911696
-2.71073 -4.07373 0.00249672
-2.71073 -3.64185 -0.0140795
-2.46113 -4.33587 0.00149779
-2.46113 -3.90399 0.00381241
-2.46113 -3.47211 -0.0199824
-3.28597 -3.78171 0.00355139
-3.28597 -3.34982 0.00711909
-3.28597 -2.91794 -0.0293865
-3.03638 -3.61196 0.019723
-3.03638 -3.18008 0.0367476
-3.03638 -2.7482 -0.140988
-2.71073 -3.3905 0.0737631
-2.71073 -2.95861 0.124923
-2.71073 -2.52673 -0.435655
-2.46113 -3.22075 0.100325
-2.46113 -2.78887 0.157921
-2.46113 -2.35699 -0.511881
-3.28597 -2.66659 0.128393
-3.28597 -2.23471 0.159166
-3.28597 -1.80282 -0.40631
-3.03638 -2.49685 0.590317
-3.03638 -2.06496 0.680179
-3.03638 -1.63308 -1.61383
-2.71073 -2.27538 1.72553
-2.71073 -1.8435 1.80721
-2.71073 -1.41161 -3.89755
-2.46113 -2.10564 1.94293
-2.46113 -1.67375 1.89135
-2.46113 -1.24187 -3.79128
-3.28597 -1.55147 1.34209
-3.28597 -1.11959 1.0289
-3.28597 -0.687707 -1.62428
-3.03638 -1.38173 5.10848
-3.03638 -0.949847 3.64009
-3.03638 -0.517964 -5.34109
-2.71073 -1.16026 11.6708
-2.71073 -0.72838 7.55905
-2.71073 -0.296497 -10.0817
-2.46113 -0.99052 10.8793
-2.46113 -0.558637 6.54938
-2.46113 -0.126754 -8.11886
-3.28597 -0.436356 4.05614
-3.28597 -0.00447323 1.92303
-3.28597 0.42741 -1.87741
-3.03638 -0.266613 12.7818
-3.03638 0.16527 5.63241
-3.03638 0.597153 -5.11087
-2.71073 -0.0451461 22.8229
-2.71073 0.386737 9.14157
-2.71073 0.81862 -7.53997
-2.46113 0.124597 17.6133
-2.46113 0.55648 6.55725
-2.46113 0.988363 -5.02689
-3.28597 0.678761 3.54437
-3.28597 1.11064 1.03919
-3.28597 1.54253 -0.627408
-3.03638 0.848504 9.24667
-3.03638 1.28039 2.51983
-3.03638 1.71227 -1.41402
-2.71073 1.06997 12.9043
-2.71073 1.50185 3.19645
-2.71073 1.93374 -1.63042
-2.46113 1.23971 8.24469
-2.46113 1.6716 1.89818
-2.46113 2.10348 -0.899906
-2.32812 -5.36053 1.00332e-05
-2.32812 -4.92865 5.01937e-05
-2.32812 -4.49677 -0.000223931
-2.07853 -5.19079 6.3337e-05
-2.07853 -4.75891 0.000294507
-2.07853 -4.32702 -0.00122121
-1.75288 -4.96932 0.000279976
-1.75288 -4.53744 0.00118333
-1.75288 -4.10556 -0.00446013
-1.50328 -4.79958 0.000432842
-1.50328 -4.3677 0.00170037
-1.50328 -3.93581 -0.00595683
-2.32812 -4.24541 0.00210178
-2.32812 -3.81353 0.00650248
-2.32812 -3.38165 -0.0179402
-2.07853 -4.07567 0.0109843
-2.07853 -3.64379 0.0315859
-2.07853 -3.21191 -0.0809972
-1.75288 -3.8542 0.0379495
-1.75288 -3.42232 0.0991914
-1.75288 -2.99044 -0.231206
-1.50328 -3.68446 0.0485717
-1.50328 -3.25258 0.118
-1.50328 -2.8207 -0.255643
-2.32812 -3.1303 0.1273
-2.32812 -2.69841 0.243558
-2.32812 -2.26653 -0.41556
-2.07853 -2.96055 0.550785
-2.07853 -2.52867 0.979455
-2.07853 -2.09679 -1.55326
-1.75288 -2.73909 1.48726
-1.75288 -2.3072 2.40401
-1.75288 -1.87532 -3.46533
-1.50328 -2.56934 1.57591
-1.50328 -2.13746 2.36762
-1.50328 -1.70558 -3.1721
-2.32812 -2.01518 2.22928
-2.32812 -1.5833 2.63767
-2.32812 -1.15141 -2.78313
-2.07853 -1.84544 7.98518
-2.07853 -1.41355 8.78153
-2.07853 -0.981671 -8.61217
-1.75288 -1.62397 16.8523
-1.75288 -1.19209 16.8459
-1.75288 -0.760204 -15.017
-1.50328 -1.45423 14.7834
-1.50328 -1.02234 13.7352
-1.50328 -0.590461 -11.3803
-2.32812 -0.900063 11.2874
-2.32812 -0.46818 8.2591
-2.32812 -0.036297 -5.38925
-2.07853 -0.73032 33.472
-2.07853 -0.298437 22.7641
-2.07853 0.133446 -13.8062
-1.75288 -0.508853 55.2113
-1.75288 -0.0769699 34.1306
-1.75288 0.354913 -18.8155
-1.50328 -0.33911 40.0967
-1.50328 0.092773 23.0385
-1.50328 0.524656 -11.8047
-2.32812 0.215054 16.5241
-2.32812 0.646937 7.4772
-2.32812 1.07882 -3.01729
-2.07853 0.384797 40.567
-2.07853 0.81668 17.0617
-2.07853 1.24856 -6.39927
-1.75288 0.606264 52.2986
-1.75288 1.03815 19.9935
-1.75288 1.47003 -6.81622
-1.50328 0.776007 31.4441
-1.50328 1.20789 11.1729
-1.50328 1.63977 -3.54038
-2.32812 1.33017 6.99414
-2.32812 1.76205 1.95721
-2.32812 2.19394 -0.488426
-2.07853 1.49991 14.2154
-2.07853 1.9318 3.69735
-2.07853 2.36368 -0.857592
-1.75288 1.72138 14.3234
-1.75288 2.15326 3.38631
-1.75288 2.58515 -0.713944
-1.50328 1.89112 7.12955
-1.50328 2.32301 1.56665
-1.50328 2.75489 -0.307
-1.37027 -4.70912 0.000547119
-1.37027 -4.27724 0.00280776
-1.37027 -3.84536 -0.00163542
-1.12068 -4.53938 0.00269077
-1.12068 -4.1075 0.0128346
-1.12068 -3.67561 -0.00694835
-0.795025 -4.31791 0.0085877
-0.795025 -3.88603 0.0372333
-0.795025 -3.45415 -0.0183222
-0.545431 -4.14817 0.0103434
-0.545431 -3.71629 0.0416819
-0.545431 -3.2844 -0.0190644
-1.37027 -3.594 0.0555163
-1.37027 -3.16212 0.17619
-1.37027 -2.73024 -0.0634648
-1.12068 -3.42426 0.226038
-1.12068 -2.99238 0.666763
-1.12068 -2.5605 -0.22323
-0.795025 -3.20279 0.563838
-0.795025 -2.77091 1.51179
-0.795025 -2.33903 -0.460066
-0.545431 -3.03305 0.562223
-0.545431 -2.60117 1.40112
-0.545431 -2.16929 -0.396308
-1.37027 -2.47889 1.62874
-1.37027 -2.047 3.19665
-1.37027 -1.61512 -0.712083
-1.12068 -2.30914 5.49013
-1.12068 -1.87726 10.0151
-1.12068 -1.44538 -2.07357
-0.795025 -2.08768 10.7035
-0.795025 -1.65579 17.7478
-0.795025 -1.22391 -3.34008
-0.545431 -1.91793 8.83584
-0.545431 -1.48605 13.6175
-0.545431 -1.05417 -2.38198
-1.37027 -1.36377 13.8159
-1.37027 -0.931887 16.7689
-1.37027 -0.500004 -2.31005
-1.12068 -1.19403 38.5546
-1.12068 -0.762144 43.4942
-1.12068 -0.330261 -5.569
-0.795025 -0.97256 58.7476
-0.795025 -0.540677 60.241
-0.795025 -0.108794 -7.01111
-0.545431 -0.802817 40.1495
-0.545431 -0.370934 38.2659
-0.545431 0.0609492 -4.13938
-1.37027 -0.248653 33.8844
-1.37027 0.18323 25.4336
-1.37027 0.615113 -2.16674
-1.12068 -0.0789098 78.2824
-1.12068 0.352973 54.6137
-1.12068 0.784856 -4.32445
-0.795025 0.142557 93.2286
-0.795025 0.57444 59.1199
-0.795025 1.00632 -4.25511
-0.545431 0.3123 52.7481
-0.545431 0.744183 31.09
-0.545431 1.17607 -2.07983
-1.37027 0.866464 24.0278
-1.37027 1.29835 11.1533
-1.37027 1.73023 -0.587607
-1.12068 1.03621 45.9564
-1.12068 1.46809 19.8274
-1.12068 1.89997 -0.970907
-0.795025 1.25767 42.7762
-0.795025 1.68956 16.7753
-0.795025 2.12144 -0.74667
-0.545431 1.42742 20.0368
-0.545431 1.8593 7.30339
-0.545431 2.29118 -0.302143
-1.37027 1.98158 4.92631
-1.37027 2.41346 1.41415
-1.37027 2.84535 -0.0460744
-1.12068 2.15132 7.8005
-1.12068 2.58321 2.08125
-1.12068 3.01509 -0.0630259
-0.795025 2.37279 5.67477
-0.795025 2.80467 1.37625
-0.795025 3.23656 -0.0378827
-0.545431 2.54253 2.20061
-0.545431 2.97442 0.496045
-0.545431 3.4063 -0.0126909
-0.41242 -4.05771 0.00997623
-0.41242 -3.62583 0.0602537
-0.41242 -3.19394 0.10031
-0.162826 -3.88797 0.0382241
-0.162826 -3.45608 0.214577
-0.162826 -3.0242 0.332027
0.162826 -3.6665 0.0880799
0.162826 -3.23462 0.44944
0.162826 -2.80273 0.632133
0.41242 -3.49676 0.0826497
0.41242 -3.06487 0.39198
0.41242 -2.63299 0.512425
-0.41242 -2.94259 0.490338
-0.41242 -2.51071 1.83145
-0.41242 -2.07883 1.88555
-0.162826 -2.77285 1.55537
-0.162826 -2.34097 5.39963
-0.162826 -1.90908 5.16697
0.162826 -2.55138 2.80121
0.162826 -2.1195 8.83938
0.162826 -1.68762 7.6885
0.41242 -2.38164 2.17609
0.41242 -1.94976 6.38238
0.41242 -1.51787 5.15979
-0.41242 -1.82748 6.96818
-0.41242 -1.39559 16.0954
-0.41242 -0.963711 10.2477
-0.162826 -1.65773 18.2989
-0.162826 -1.22585 39.286
-0.162826 -0.793968 23.2483
0.162826 -1.43627 25.7577
0.162826 -1.00438 50.2651
0.162826 -0.572501 27.0376
0.41242 -1.26652 16.5656
0.41242 -0.834641 30.0466
0.41242 -0.402758 15.022
-0.41242 -0.71236 28.631
-0.41242 -0.280477 40.8979
-0.41242 0.151406 16.1031
-0.162826 -0.542617 62.2459
-0.162826 -0.110734 82.6428
-0.162826 0.321149 30.2442
0.162826 -0.321149 68.4799
0.162826 0.110734 82.6428
0.162826 0.542617 27.491
0.41242 -0.151406 36.4611
0.41242 0.280477 40.8979
0.41242 0.71236 12.6449
-0.41242 0.402758 34.0132
-0.41242 0.834641 30.0466
-0.41242 1.26652 7.3162
-0.162826 0.572501 61.2195
-0.162826 1.00438 50.2651
-0.162826 1.43627 11.3759
0.162826 0.793968 52.6396
0.162826 1.22585 39.286
0.162826 1.65773 8.08174
0.41242 0.963711 23.2032
0.41242 1.39559 16.0954
0.41242 1.82748 3.0775
-0.41242 1.51787 11.6829
-0.41242 1.94976 6.38238
-0.41242 2.38164 0.961072
-0.162826 1.68762 17.4085
-0.162826 2.1195 8.83938
-0.162826 2.55138 1.23716
0.162826 1.90908 11.6992
0.162826 2.34097 5.39963
0.162826 2.77285 0.686932
0.41242 2.07883 4.26933
0.41242 2.51071 1.83145
0.41242 2.94259 0.216558
-0.41242 2.63299 1.16025
-0.41242 3.06487 0.39198
-0.41242 3.49676 0.0365023
-0.162826 2.80273 1.4313
-0.162826 3.23462 0.44944
-0.162826 3.6665 0.0389006
0.162826 3.0242 0.751786
0.162826 3.45608 0.214577
0.162826 3.88797 0.0168817
0.41242 3.19394 0.227125
0.41242 3.62583 0.0602537
0.41242 4.05771 0.00440601
0.545431 -3.4063 0.0480295
0.545431 -2.97442 0.496045
0.545431 -2.54253 1.41214
0.795025 -3.23656 0.143369
0.795025 -2.80467 1.37625
0.795025 -2.37279 3.64153
1.12068 -3.01509 0.238525
1.12068 -2.58321 2.08125
1.12068 -2.15132 5.00561
1.37027 -2.84535 0.174372
1.37027 -2.41346 1.41415
1.37027 -1.98158 3.16123
0.545431 -2.29118 1.14348
0.545431 -1.8593 7.30339
0.545431 -1.42742 12.8577
0.795025 -2.12144 2.82582
0.795025 -1.68956 16.7753
0.795025 -1.25767 27.4497
1.12068 -1.89997 3.67446
1.12068 -1.46809 19.8274
1.12068 -1.03621 29.4905
1.37027 -1.73023 2.22383
1.37027 -1.29835 11.1533
1.37027 -0.866464 15.4187
0.545431 -1.17607 7.87123
0.545431 -0.744183 31.09
0.545431 -0.3123 33.8487
0.795025 -1.00632 16.1037
0.795025 -0.57444 59.1199
0.795025 -0.142557 59.8252
1.12068 -0.784856 16.3661
1.12068 -0.352973 54.6137
1.12068 0.0789098 50.2342
1.37027 -0.615113 8.20017
1.37027 -0.18323 25.4336
1.37027 0.248653 21.7438
0.545431 -0.0609492 15.6657
0.545431 0.370934 38.2659
0.545431 0.802817 25.7641
0.795025 0.108794 26.534
0.795025 0.540677 60.241
0.795025 0.97256 37.6986
1.12068 0.330261 21.0762
1.12068 0.762144 43.4942
1.12068 1.19403 24.7407
1.37027 0.500004 8.74254
1.37027 0.931887 16.7689
1.37027 1.36377 8.86573
0.545431 1.05417 9.01473
0.545431 1.48605 13.6175
0.545431 1.91793 5.67
0.795025 1.22391 12.6407
0.795025 1.65579 17.7478
0.795025 2.08768 6.86848
1.12068 1.44538 7.84755
1.12068 1.87726 10.0151
1.12068 2.30914 3.52304
1.37027 1.61512 2.69492
1.37027 2.047 3.19665
1.37027 2.47889 1.04517
0.545431 2.16929 1.49985
0.545431 2.60117 1.40112
0.545431 3.03305 0.360781
0.795025 2.33903 1.74115
0.795025 2.77091 1.51179
0.795025 3.20279 0.361817
1.12068 2.5605 0.844829
1.12068 2.99238 0.666763
1.12068 3.42426 0.14505
1.37027 2.73024 0.240187
1.37027 3.16212 0.17619
1.37027 3.594 0.0356251
0.545431 3.2844 0.0721504
0.545431 3.71629 0.0416819
0.545431 4.14817 0.00663742
0.795025 3.45415 0.0693416
0.795025 3.88603 0.0372333
0.795025 4.31791 0.00551077
1.12068 3.67561 0.0262965
1.12068 4.1075 0.0128346
1.12068 4.53938 0.00172668
1.37027 3.84536 0.00618935
1.37027 4.27724 0.00280776
1.37027 4.70912 0.000351089
1.50328 -2.75489 -0.0530724
1.50328 -2.32301 1.56665
1.50328 -1.89112 5.2489
1.75288 -2.58515 -0.123422
1.75288 -2.15326 3.38631
1.75288 -1.72138 10.5451
2.07853 -2.36368 -0.148255
2.07853 -1.9318 3.69735
2.07853 -1.49991 10.4656
2.32812 -2.19394 -0.0844362
2.32812 -1.76205 1.95721
2.32812 -1.33017 5.14921
1.50328 -1.63977 -0.61204
1.50328 -1.20789 11.1729
1.50328 -0.776007 23.1497
1.75288 -1.47003 -1.17835
1.75288 -1.03815 19.9935
1.75288 -0.606264 38.5031
2.07853 -1.24856 -1.10627
2.07853 -0.81668 17.0617
2.07853 -0.384797 29.8661
2.32812 -1.07882 -0.521611
2.32812 -0.646937 7.4772
2.32812 -0.215054 12.1653
1.50328 -0.524656 -2.04073
1.50328 -0.092773 23.0385
1.50328 0.33911 29.5199
1.75288 -0.354913 -3.25271
1.75288 0.0769699 34.1306
1.75288 0.508853 40.6475
2.07853 -0.133446 -2.38673
2.07853 0.298437 22.7641
2.07853 0.73032 24.6427
2.32812 0.036297 -0.931661
2.32812 0.46818 8.2591
2.32812 0.900063 8.30998
1.50328 0.590461 -1.96736
1.50328 1.02234 13.7352
1.50328 1.45423 10.8838
1.75288 0.760204 -2.59605
1.75288 1.19209 16.8459
1.75288 1.62397 12.407
2.07853 0.981671 -1.48882
2.07853 1.41355 8.78153
2.07853 1.84544 5.87883
2.32812 1.15141 -0.481131
2.32812 1.5833 2.63767
2.32812 2.01518 1.64123
1.50328 1.70558 -0.548374
1.50328 2.13746 2.36762
1.50328 2.56934 1.16021
1.75288 1.87532 -0.599065
1.75288 2.3072 2.40401
1.75288 2.73909 1.09494
2.07853 2.09679 -0.268518
2.07853 2.52867 0.979455
2.07853 2.96055 0.405497
2.32812 2.26653 -0.0718395
2.32812 2.69841 0.243558
2.32812 3.1303 0.0937207
1.50328 2.8207 -0.0441941
1.50328 3.25258 0.118
1.50328 3.68446 0.0357593
1.75288 2.99044 -0.0399695
1.75288 3.42232 0.0991914
1.75288 3.8542 0.0279391
2.07853 3.21191 -0.0140023
2.07853 3.64379 0.0315859
2.07853 4.07567 0.00808683
2.32812 3.38165 -0.00310139
2.32812 3.81353 0.00650248
2.32812 4.24541 0.00154737
1.50328 3.93581 -0.00102978
1.50328 4.3677 0.00170037
1.50328 4.79958 0.000318666
1.75288 4.10556 -0.00077104
1.75288 4.53744 0.00118333
1.75288 4.96932 0.000206123
2.07853 4.32702 -0.000211115
2.07853 4.75891 0.000294507
2.07853 5.19079 4.66298e-05
2.32812 4.49677 -3.87119e-05
2.32812 4.92865 5.01937e-05
2.32812 5.36053 7.38663e-06
2.46113 -2.10348 -0.492525
2.46113 -1.6716 1.89818
2.46113 -1.23971 6.52382
2.71073 -1.93374 -0.892341
2.71073 -1.50185 3.19645
2.71073 -1.06997 10.2109
3.03638 -1.71227 -0.773902
3.03638 -1.28039 2.51983
3.03638 -0.848504 7.31666
3.28597 -1.54253 -0.343385
3.28597 -1.11064 1.03919
3.28597 -0.678761 2.80457
2.46113 -0.988363 -2.75125
2.46113 -0.55648 6.55725
2.46113 -0.124597 13.937
2.71073 -0.81862 -4.12668
2.71073 -0.386737 9.14157
2.71073 0.0451461 18.0592
3.03638 -0.597153 -2.79722
3.03638 -0.16527 5.63241
3.03638 0.266613 10.1139
3.28597 -0.42741 -1.02752
3.28597 0.00447323 1.92303
3.28597 0.436356 3.20952
2.46113 0.126754 -4.44352
2.46113 0.558637 6.54938
2.46113 0.99052 8.60856
2.71073 0.296497 -5.51779
2.71073 0.72838 7.55905
2.71073 1.16026 9.23478
3.03638 0.517964 -2.92322
3.03638 0.949847 3.64009
3.03638 1.38173 4.04221
3.28597 0.687707 -0.888981
3.28597 1.11959 1.0289
3.28597 1.55147 1.06196
2.46113 1.24187 -2.07499
2.46113 1.67375 1.89135
2.46113 2.10564 1.5374
2.71073 1.41161 -2.13316
2.71073 1.8435 1.80721
2.71073 2.27538 1.36537
3.03638 1.63308 -0.883263
3.03638 2.06496 0.680179
3.03638 2.49685 0.467103
3.28597 1.80282 -0.222377
3.28597 2.23471 0.159166
3.28597 2.66659 0.101594
2.46113 2.35699 -0.280157
2.46113 2.78887 0.157921
2.46113 3.22075 0.0793843
2.71073 2.52673 -0.238437
2.71073 2.95861 0.124923
2.71073 3.3905 0.0583669
3.03638 2.7482 -0.0771637
3.03638 3.18008 0.0367476
3.03638 3.61196 0.0156063
3.28597 2.91794 -0.0160835
3.28597 3.34982 0.00711909
3.28597 3.78171 0.00281012
2.46113 3.47211 -0.0109365
2.46113 3.90399 0.00381241
2.46113 4.33587 0.00118516
2.71073 3.64185 -0.00770584
2.71073 4.07373 0.00249672
2.71073 4.50561 0.000721402
3.03638 3.86332 -0.00194908
3.03638 4.2952 0.000574021
3.03638 4.72708 0.000150759
3.28597 4.03306 -0.000336329
3.28597 4.46494 9.20643e-05
3.28597 4.89682 2.24737e-05
2.46113 4.58722 -0.000123438
2.46113 5.01911 2.66106e-05
2.46113 5.45099 5.11582e-06
2.71073 4.75697 -7.20045e-05
2.71073 5.18885 1.44276e-05
2.71073 5.62073 2.578e-06
3.03638 4.97843 -1.42344e-05
3.03638 5.41032 2.59251e-06
3.03638 5.8422 4.21074e-07
3.28597 5.14818 -2.03349e-06
3.28597 5.58006 3.44233e-07
3.28597 6.01194 5.19659e-08
