6.22282 114.773 0.286737 24351.6 12.561 19.2682
-124.029 -20.3335 0.31046 31998.5 13.6088 26.462
46.9916 -139.466 0.401627 41599 21.4855 28.2223
149.009 78.9996 0.257916 30887.1 18.2616 26.9419
-100.676 148.486 0.0988138 21077.8 14.6785 18.9085
-145.841 -138.148 0.177041 31746.8 15.0812 28.2632
205.946 102.14 0.488482 33797.6 24.8913 27.689
53.1515 241.47 0.0270562 25877.7 18.5284 22.4173
-149.63 196.834 0.00872463 19945.2 13.3908 20.494
-263.744 21.476 0.144398 35722.7 14.3314 27.5211
-193.921 -204.719 0.237624 34279.4 18.877 28.4865
24.295 -298.364 0.227919 53937 19.0663 28.5263
262.144 -177.738 0.192726 42796 19.2652 28.5286
324.21 80.6275 0.245074 41173.3 34.734 28.3907
147.571 318.97 0.0910695 25472 19.9169 25.9191
-147.571 318.97 0 19922.8 -2.14748e+09 16.8245
-352.574 108.257 0.0392118 30830.3 19.9169 27.4529
-319.642 -216.723 0.0730321 38429.5 20.9154 28.523
-54.4797 -399.859 0.171552 54206 20.394 28.4816
289.467 -305.586 0.137536 39031.3 20.6445 28.4743
438.127 11.8686 0.135869 45972.6 34.734 28.5278
152.691 433.672 0.00460739 24127.9 12.4513 25.807
43.5158 -457.703 0.196255 55541 22.323 28.4324
-231.678 397.128 0.0320557 18014 22.323 19.9075
401.079 -271.938 0.342613 43768.3 25.6201 28.4574
-478.193 78.3958 0.235565 33679.8 25.6201 28.1542
492.62 129.617 0.392216 40896.4 49.62 28.5202
-392.665 -324.483 0.38359 36738.7 25.706 28.5103
224.303 484.824 0.208999 24055.3 25.796 26.8566
6.54202e-14 -534.197 0.321929 55556.6 25.796 28.3885
-224.303 484.824 0 17561.7 -2.14748e+09 17.9099
421.114 -367.629 0.304382 40334.7 25.89 28.3999
-536.557 156.83 0.17214 30190.6 25.89 28.0374
576.126 94.451 0.327909 43054.7 49.62 28.5265
-483.219 -327.63 0.283011 38361.2 25.9881 28.5037
320.813 517.21 0.10048 23919.5 26.09 27.6591
-73.9912 -604.112 0.303794 54482.2 26.09 28.3551
-186.508 579.346 0 17321.7 -2.14748e+09 15.4079
435.614 -459.872 0.291736 39084 26.196 28.3493
-588.448 234.459 0.0484266 27162.5 26.196 27.9083
657.704 26.7333 0.271738 45238.6 49.62 28.4982
-585.691 -300.425 0.194589 39503.2 26.3057 28.5068
413.368 543.777 0.00490148 23445 49.62 28.0609
-146.837 -667.087 0.254779 52843.3 26.4193 28.3283
-146.837 667.087 0 17214.7 -2.14748e+09 16.2872
420.713 -569.277 0.269287 43824.2 49.62 28.2996
-620.862 340.009 0 23256.5 -2.14748e+09 27.589
731.602 -39.6663 0.2189 46315.1 49.62 28.4582
-680.64 -271.192 0.185374 39621.1 49.62 28.51
528.322 542.828 0.0845015 22415.1 49.62 28.3396
-251.565 -714.494 0.240663 49939.6 49.62 28.314
-71.6943 754.086 0.0586217 17625 26.7825 19.6719
403.316 -670.317 0.262523 46874.7 49.62 28.2589
-647.498 439.015 0 20160.7 -2.14748e+09 27.2306
794.633 -141.348 0.284678 47002.3 49.62 28.4051
-780.54 -205.374 0.124105 39008.9 49.62 28.52
634.055 538.572 0.174101 24934.6 49.62 28.4536
-349.313 -755.027 0.227331 47030.5 49.62 28.3035
11.6009 856.648 0.0369572 18127.2 27.3171 22.5581
349.169 -782.344 0.268405 50043.4 49.62 28.2231
-645.395 563.424 0 16419.8 -2.14748e+09 26.4681
849.405 -235.836 0.345652 46835.6 49.62 28.3576
-869.924 -142.617 0.159592 37877.7 49.62 28.5257
