6.22282 114.773 0.306048 21341.4 25.4061 24.9142
-124.029 -20.3335 0.339869 25725.8 23.8154 30.2881
46.9916 -139.466 0.503284 36295.6 26.0477 33.7684
149.009 78.9996 0.321831 28750.2 21.4855 32.8152
-100.676 148.486 0 16778.3 14.2882 17.06
-145.841 -138.148 0.234879 26088.2 21.7512 33.6135
205.946 102.14 0.469562 31897.3 24.8913 33.6037
53.1515 241.47 0.15322 24119.9 27.079 29.7091
-149.63 196.834 0 15318.8 -2.14748e+09 17.0817
-263.744 21.476 0.0647976 27287.8 28.1765 31.703
-193.921 -204.719 0.338006 28141.4 30.5327 34.1139
24.295 -298.364 0.290462 46700 19.0663 34.3584
262.144 -177.738 0.293795 38813.2 19.2652 34.3695
324.21 80.6275 0.123811 39011.8 19.4735 34.2493
147.571 318.97 0.0502892 24787.3 34.0119 32.6686
-147.571 318.97 0 15754.8 -2.14748e+09 16.1021
-352.574 108.257 0 22656.9 -2.14748e+09 31.2137
-319.642 -216.723 0.184394 30995.2 20.9154 34.2294
-54.4797 -399.859 0.242329 46391.3 20.394 34.3774
289.467 -305.586 0.185766 35132.3 20.6445 34.363
438.127 11.8686 0.152926 43303.2 34.734 34.376
152.691 433.672 0.0189197 23823.5 39.3005 32.8206
43.5158 -457.703 0.279384 48213.9 22.323 34.3554
-231.678 397.128 0 13486.4 12.4513 13.7039
401.079 -271.938 0.308891 39874.2 25.6201 34.3456
-478.193 78.3958 0.0815606 24863.7 25.6201 32.9449
492.62 129.617 0.289285 39146.1 49.62 34.3741
-392.665 -324.483 0.459367 29832.8 27.5878 34.3625
224.303 484.824 0.135771 24029.9 25.796 33.5045
6.54202e-14 -534.197 0.312616 47980.9 25.796 34.3315
-224.303 484.824 0 13586.1 -2.14748e+09 17.3122
421.114 -367.629 0.321635 36541.5 25.89 34.3071
-536.557 156.83 0.0548966 21783.4 25.89 32.5245
576.126 94.451 0.227233 41064.2 49.62 34.3745
-483.219 -327.63 0.373297 30871.5 25.9881 34.3667
320.813 517.21 0.0791099 23999.6 49.62 33.9695
-73.9912 -604.112 0.286443 46717.1 26.09 34.3129
-186.508 579.346 0.0590138 14316.6 26.09 22.7439
435.614 -459.872 0.31095 35270.3 26.196 34.2702
-588.448 234.459 0.0642094 19209.4 26.196 32.0563
657.704 26.7333 0.211058 42886.2 49.62 34.3493
-585.691 -300.425 0.29056 31398.9 26.3057 34.361
413.368 543.777 0.0938143 23528.6 49.62 34.1867
-146.837 -667.087 0.232232 45048.4 26.4193 34.2971
-146.837 667.087 0.15077 15087.9 26.4193 26.3151
420.713 -569.277 0.274875 39300 49.62 34.2353
-620.862 340.009 0 16042.4 -2.14748e+09 30.9794
731.602 -39.6663 0.244486 43695.6 49.62 34.3162
-680.64 -271.192 0.179394 31159.4 49.62 34.3545
528.322 542.828 0.168219 22398.2 49.62 34.3191
-251.565 -714.494 0.207431 42234.6 49.62 34.291
-71.6943 754.086 0 16534.2 -2.14748e+09 29.5672
403.316 -670.317 0.279678 41827.8 49.62 34.206
-647.498 439.015 0 13635.7 -2.14748e+09 29.7466
794.633 -141.348 0.314087 44046.5 49.62 34.2751
-780.54 -205.374 0.105088 30225.8 49.62 34.3292
634.055 538.572 0.273503 24819 49.62 34.3648
-349.313 -755.027 0.191746 39515.8 49.62 34.2865
11.6009 856.648 0 17828.9 -2.14748e+09 31.5463
349.169 -782.344 0.268405 44359.7 49.62 34.1821
-645.395 563.424 0 10905.7 -2.14748e+09 27.1944
849.405 -235.836 0.365748 43663.6 49.62 34.2385
-869.924 -142.617 0.149005 28974 49.62 34.2987
